Solución 1:
1 5 34 40
9 15 27 29
21 23 19 17
31 25 13 11
38 32 7 3

Solución 2:
1 5 34 40
9 15 27 29
21 23 19 17
38 32 7 3
31 25 13 11

Solución 3:
1 5 34 40
9 15 27 29
31 25 13 11
21 23 19 17
38 32 7 3

Solución 4:
1 5 34 40
9 15 27 29
31 25 13 11
38 32 7 3
21 23 19 17

Solución 5:
1 5 34 40
9 15 27 29
38 32 7 3
21 23 19 17
31 25 13 11

Solución 6:
1 5 34 40
9 15 27 29
38 32 7 3
31 25 13 11
21 23 19 17

Solución 7:
1 5 34 40
9 15 29 27
21 23 17 19
31 25 13 11
38 32 7 3

Solución 8:
1 5 34 40
9 15 29 27
21 23 17 19
38 32 7 3
31 25 13 11

Solución 9:
1 5 34 40
9 15 29 27
21 23 19 17
31 25 11 13
38 32 7 3

Solución 10:
1 5 34 40
9 15 29 27
21 23 19 17
38 32 7 3
31 25 11 13

Solución 11:
1 5 34 40
9 15 29 27
31 25 11 13
21 23 19 17
38 32 7 3

Solución 12:
1 5 34 40
9 15 29 27
31 25 11 13
38 32 7 3
21 23 19 17

Solución 13:
1 5 34 40
9 15 29 27
31 25 13 11
21 23 17 19
38 32 7 3

Solución 14:
1 5 34 40
9 15 29 27
31 25 13 11
38 32 7 3
21 23 17 19

Solución 15:
1 5 34 40
9 15 29 27
38 32 7 3
21 23 17 19
31 25 13 11

Solución 16:
1 5 34 40
9 15 29 27
38 32 7 3
21 23 19 17
31 25 11 13

Solución 17:
1 5 34 40
9 15 29 27
38 32 7 3
31 25 11 13
21 23 19 17

Solución 18:
1 5 34 40
9 15 29 27
38 32 7 3
31 25 13 11
21 23 17 19

Solución 19:
1 5 34 40
9 15 31 25
23 21 17 19
29 27 11 13
38 32 7 3

Solución 20:
1 5 34 40
9 15 31 25
23 21 17 19
38 32 7 3
29 27 11 13

Solución 21:
1 5 34 40
9 15 31 25
23 21 19 17
29 27 13 11
38 32 3 7

Solución 22:
1 5 34 40
9 15 31 25
23 21 19 17
38 32 3 7
29 27 13 11

Solución 23:
1 5 34 40
9 15 31 25
23 27 11 19
29 21 17 13
38 32 7 3

Solución 24:
1 5 34 40
9 15 31 25
23 27 11 19
38 32 7 3
29 21 17 13

Solución 25:
1 5 34 40
9 15 31 25
23 27 13 17
29 21 19 11
38 32 3 7

Solución 26:
1 5 34 40
9 15 31 25
23 27 13 17
38 32 3 7
29 21 19 11

Solución 27:
1 5 34 40
9 15 31 25
23 27 17 13
29 21 11 19
38 32 7 3

Solución 28:
1 5 34 40
9 15 31 25
23 27 17 13
38 32 7 3
29 21 11 19

Solución 29:
1 5 34 40
9 15 31 25
23 27 19 11
29 21 13 17
38 32 3 7

Solución 30:
1 5 34 40
9 15 31 25
23 27 19 11
38 32 3 7
29 21 13 17

Solución 31:
1 5 34 40
9 15 31 25
29 21 11 19
23 27 17 13
38 32 7 3

Solución 32:
1 5 34 40
9 15 31 25
29 21 11 19
38 32 7 3
23 27 17 13

Solución 33:
1 5 34 40
9 15 31 25
29 21 13 17
23 27 19 11
38 32 3 7

Solución 34:
1 5 34 40
9 15 31 25
29 21 13 17
38 32 3 7
23 27 19 11

Solución 35:
1 5 34 40
9 15 31 25
29 21 17 13
23 27 11 19
38 32 7 3

Solución 36:
1 5 34 40
9 15 31 25
29 21 17 13
38 32 7 3
23 27 11 19

Solución 37:
1 5 34 40
9 15 31 25
29 21 19 11
23 27 13 17
38 32 3 7

Solución 38:
1 5 34 40
9 15 31 25
29 21 19 11
38 32 3 7
23 27 13 17

Solución 39:
1 5 34 40
9 15 31 25
29 27 11 13
23 21 17 19
38 32 7 3

Solución 40:
1 5 34 40
9 15 31 25
29 27 11 13
38 32 7 3
23 21 17 19

Solución 41:
1 5 34 40
9 15 31 25
29 27 13 11
23 21 19 17
38 32 3 7

Solución 42:
1 5 34 40
9 15 31 25
29 27 13 11
38 32 3 7
23 21 19 17

Solución 43:
1 5 34 40
9 15 31 25
38 32 3 7
23 21 19 17
29 27 13 11

Solución 44:
1 5 34 40
9 15 31 25
38 32 3 7
23 27 13 17
29 21 19 11

Solución 45:
1 5 34 40
9 15 31 25
38 32 3 7
23 27 19 11
29 21 13 17

Solución 46:
1 5 34 40
9 15 31 25
38 32 3 7
29 21 13 17
23 27 19 11

Solución 47:
1 5 34 40
9 15 31 25
38 32 3 7
29 21 19 11
23 27 13 17

Solución 48:
1 5 34 40
9 15 31 25
38 32 3 7
29 27 13 11
23 21 19 17

Solución 49:
1 5 34 40
9 15 31 25
38 32 7 3
23 21 17 19
29 27 11 13

Solución 50:
1 5 34 40
9 15 31 25
38 32 7 3
23 27 11 19
29 21 17 13

Solución 51:
1 5 34 40
9 15 31 25
38 32 7 3
23 27 17 13
29 21 11 19

Solución 52:
1 5 34 40
9 15 31 25
38 32 7 3
29 21 11 19
23 27 17 13

Solución 53:
1 5 34 40
9 15 31 25
38 32 7 3
29 21 17 13
23 27 11 19

Solución 54:
1 5 34 40
9 15 31 25
38 32 7 3
29 27 11 13
23 21 17 19

Solución 55:
1 5 34 40
9 17 25 29
27 19 23 11
31 21 15 13
32 38 3 7

Solución 56:
1 5 34 40
9 17 25 29
27 19 23 11
32 38 3 7
31 21 15 13

Solución 57:
1 5 34 40
9 17 25 29
31 21 15 13
27 19 23 11
32 38 3 7

Solución 58:
1 5 34 40
9 17 25 29
31 21 15 13
32 38 3 7
27 19 23 11

Solución 59:
1 5 34 40
9 17 25 29
32 38 3 7
27 19 23 11
31 21 15 13

Solución 60:
1 5 34 40
9 17 25 29
32 38 3 7
31 21 15 13
27 19 23 11

Solución 61:
1 5 34 40
9 19 21 31
23 17 25 15
29 27 13 11
38 32 7 3

Solución 62:
1 5 34 40
9 19 21 31
23 17 25 15
38 32 7 3
29 27 13 11

Solución 63:
1 5 34 40
9 19 21 31
29 27 13 11
23 17 25 15
38 32 7 3

Solución 64:
1 5 34 40
9 19 21 31
29 27 13 11
38 32 7 3
23 17 25 15

Solución 65:
1 5 34 40
9 19 21 31
38 32 7 3
23 17 25 15
29 27 13 11

Solución 66:
1 5 34 40
9 19 21 31
38 32 7 3
29 27 13 11
23 17 25 15

Solución 67:
1 5 34 40
9 19 23 29
27 17 25 11
31 21 15 13
32 38 3 7

Solución 68:
1 5 34 40
9 19 23 29
27 17 25 11
32 38 3 7
31 21 15 13

Solución 69:
1 5 34 40
9 19 23 29
31 21 15 13
27 17 25 11
32 38 3 7

Solución 70:
1 5 34 40
9 19 23 29
31 21 15 13
32 38 3 7
27 17 25 11

Solución 71:
1 5 34 40
9 19 23 29
32 38 3 7
27 17 25 11
31 21 15 13

Solución 72:
1 5 34 40
9 19 23 29
32 38 3 7
31 21 15 13
27 17 25 11

Solución 73:
1 5 34 40
9 19 27 25
21 29 13 17
31 15 23 11
38 32 3 7

Solución 74:
1 5 34 40
9 19 27 25
21 29 13 17
38 32 3 7
31 15 23 11

Solución 75:
1 5 34 40
9 19 27 25
23 31 11 15
29 13 21 17
38 32 7 3

Solución 76:
1 5 34 40
9 19 27 25
23 31 11 15
38 32 7 3
29 13 21 17

Solución 77:
1 5 34 40
9 19 27 25
23 31 15 11
29 13 17 21
38 32 7 3

Solución 78:
1 5 34 40
9 19 27 25
23 31 15 11
29 13 21 17
38 32 3 7

Solución 79:
1 5 34 40
9 19 27 25
23 31 15 11
38 32 3 7
29 13 21 17

Solución 80:
1 5 34 40
9 19 27 25
23 31 15 11
38 32 7 3
29 13 17 21

Solución 81:
1 5 34 40
9 19 27 25
29 13 17 21
23 31 15 11
38 32 7 3

Solución 82:
1 5 34 40
9 19 27 25
29 13 17 21
38 32 7 3
23 31 15 11

Solución 83:
1 5 34 40
9 19 27 25
29 13 21 17
23 31 11 15
38 32 7 3

Solución 84:
1 5 34 40
9 19 27 25
29 13 21 17
23 31 15 11
38 32 3 7

Solución 85:
1 5 34 40
9 19 27 25
29 13 21 17
38 32 3 7
23 31 15 11

Solución 86:
1 5 34 40
9 19 27 25
29 13 21 17
38 32 7 3
23 31 11 15

Solución 87:
1 5 34 40
9 19 27 25
31 15 23 11
21 29 13 17
38 32 3 7

Solución 88:
1 5 34 40
9 19 27 25
31 15 23 11
38 32 3 7
21 29 13 17

Solución 89:
1 5 34 40
9 19 27 25
38 32 3 7
21 29 13 17
31 15 23 11

Solución 90:
1 5 34 40
9 19 27 25
38 32 3 7
23 31 15 11
29 13 21 17

Solución 91:
1 5 34 40
9 19 27 25
38 32 3 7
29 13 21 17
23 31 15 11

Solución 92:
1 5 34 40
9 19 27 25
38 32 3 7
31 15 23 11
21 29 13 17

Solución 93:
1 5 34 40
9 19 27 25
38 32 7 3
23 31 11 15
29 13 21 17

Solución 94:
1 5 34 40
9 19 27 25
38 32 7 3
23 31 15 11
29 13 17 21

Solución 95:
1 5 34 40
9 19 27 25
38 32 7 3
29 13 17 21
23 31 15 11

Solución 96:
1 5 34 40
9 19 27 25
38 32 7 3
29 13 21 17
23 31 11 15

Solución 97:
1 5 34 40
9 19 31 21
23 17 15 25
29 27 13 11
38 32 7 3

Solución 98:
1 5 34 40
9 19 31 21
23 17 15 25
38 32 7 3
29 27 13 11

Solución 99:
1 5 34 40
9 19 31 21
25 15 17 23
27 29 11 13
38 32 7 3

Solución 100:
1 5 34 40
9 19 31 21
25 15 17 23
38 32 7 3
27 29 11 13

Solución 101:
1 5 34 40
9 19 31 21
27 29 11 13
25 15 17 23
38 32 7 3

Solución 102:
1 5 34 40
9 19 31 21
27 29 11 13
38 32 7 3
25 15 17 23

Solución 103:
1 5 34 40
9 19 31 21
29 27 13 11
23 17 15 25
38 32 7 3

Solución 104:
1 5 34 40
9 19 31 21
29 27 13 11
38 32 7 3
23 17 15 25

Solución 105:
1 5 34 40
9 19 31 21
38 32 7 3
23 17 15 25
29 27 13 11

Solución 106:
1 5 34 40
9 19 31 21
38 32 7 3
25 15 17 23
27 29 11 13

Solución 107:
1 5 34 40
9 19 31 21
38 32 7 3
27 29 11 13
25 15 17 23

Solución 108:
1 5 34 40
9 19 31 21
38 32 7 3
29 27 13 11
23 17 15 25

Solución 109:
1 5 34 40
9 21 31 19
23 15 17 25
29 27 11 13
38 32 7 3

Solución 110:
1 5 34 40
9 21 31 19
23 15 17 25
38 32 7 3
29 27 11 13

Solución 111:
1 5 34 40
9 21 31 19
23 17 13 27
29 25 15 11
38 32 7 3

Solución 112:
1 5 34 40
9 21 31 19
23 17 13 27
38 32 7 3
29 25 15 11

Solución 113:
1 5 34 40
9 21 31 19
23 27 17 13
29 15 11 25
38 32 7 3

Solución 114:
1 5 34 40
9 21 31 19
23 27 17 13
38 32 7 3
29 15 11 25

Solución 115:
1 5 34 40
9 21 31 19
25 29 11 15
27 13 17 23
38 32 7 3

Solución 116:
1 5 34 40
9 21 31 19
25 29 11 15
38 32 7 3
27 13 17 23

Solución 117:
1 5 34 40
9 21 31 19
25 29 15 11
27 13 17 23
38 32 3 7

Solución 118:
1 5 34 40
9 21 31 19
25 29 15 11
38 32 3 7
27 13 17 23

Solución 119:
1 5 34 40
9 21 31 19
27 13 17 23
25 29 11 15
38 32 7 3

Solución 120:
1 5 34 40
9 21 31 19
27 13 17 23
25 29 15 11
38 32 3 7

Solución 121:
1 5 34 40
9 21 31 19
27 13 17 23
38 32 3 7
25 29 15 11

Solución 122:
1 5 34 40
9 21 31 19
27 13 17 23
38 32 7 3
25 29 11 15

Solución 123:
1 5 34 40
9 21 31 19
29 15 11 25
23 27 17 13
38 32 7 3

Solución 124:
1 5 34 40
9 21 31 19
29 15 11 25
38 32 7 3
23 27 17 13

Solución 125:
1 5 34 40
9 21 31 19
29 25 15 11
23 17 13 27
38 32 7 3

Solución 126:
1 5 34 40
9 21 31 19
29 25 15 11
38 32 7 3
23 17 13 27

Solución 127:
1 5 34 40
9 21 31 19
29 27 11 13
23 15 17 25
38 32 7 3

Solución 128:
1 5 34 40
9 21 31 19
29 27 11 13
38 32 7 3
23 15 17 25

Solución 129:
1 5 34 40
9 21 31 19
38 32 3 7
25 29 15 11
27 13 17 23

Solución 130:
1 5 34 40
9 21 31 19
38 32 3 7
27 13 17 23
25 29 15 11

Solución 131:
1 5 34 40
9 21 31 19
38 32 7 3
23 15 17 25
29 27 11 13

Solución 132:
1 5 34 40
9 21 31 19
38 32 7 3
23 17 13 27
29 25 15 11

Solución 133:
1 5 34 40
9 21 31 19
38 32 7 3
23 27 17 13
29 15 11 25

Solución 134:
1 5 34 40
9 21 31 19
38 32 7 3
25 29 11 15
27 13 17 23

Solución 135:
1 5 34 40
9 21 31 19
38 32 7 3
27 13 17 23
25 29 11 15

Solución 136:
1 5 34 40
9 21 31 19
38 32 7 3
29 15 11 25
23 27 17 13

Solución 137:
1 5 34 40
9 21 31 19
38 32 7 3
29 25 15 11
23 17 13 27

Solución 138:
1 5 34 40
9 21 31 19
38 32 7 3
29 27 11 13
23 15 17 25

Solución 139:
1 5 34 40
9 23 19 29
21 15 27 17
31 25 13 11
38 32 7 3

Solución 140:
1 5 34 40
9 23 19 29
21 15 27 17
38 32 7 3
31 25 13 11

Solución 141:
1 5 34 40
9 23 19 29
21 27 15 17
31 13 25 11
38 32 7 3

Solución 142:
1 5 34 40
9 23 19 29
21 27 15 17
38 32 7 3
31 13 25 11

Solución 143:
1 5 34 40
9 23 19 29
27 21 15 17
31 13 25 11
32 38 7 3

Solución 144:
1 5 34 40
9 23 19 29
27 21 15 17
32 38 7 3
31 13 25 11

Solución 145:
1 5 34 40
9 23 19 29
31 13 25 11
21 27 15 17
38 32 7 3

Solución 146:
1 5 34 40
9 23 19 29
31 13 25 11
27 21 15 17
32 38 7 3

Solución 147:
1 5 34 40
9 23 19 29
31 13 25 11
32 38 7 3
27 21 15 17

Solución 148:
1 5 34 40
9 23 19 29
31 13 25 11
38 32 7 3
21 27 15 17

Solución 149:
1 5 34 40
9 23 19 29
31 25 13 11
21 15 27 17
38 32 7 3

Solución 150:
1 5 34 40
9 23 19 29
31 25 13 11
38 32 7 3
21 15 27 17

Solución 151:
1 5 34 40
9 23 19 29
32 38 7 3
27 21 15 17
31 13 25 11

Solución 152:
1 5 34 40
9 23 19 29
32 38 7 3
31 13 25 11
27 21 15 17

Solución 153:
1 5 34 40
9 23 19 29
38 32 7 3
21 15 27 17
31 25 13 11

Solución 154:
1 5 34 40
9 23 19 29
38 32 7 3
21 27 15 17
31 13 25 11

Solución 155:
1 5 34 40
9 23 19 29
38 32 7 3
31 13 25 11
21 27 15 17

Solución 156:
1 5 34 40
9 23 19 29
38 32 7 3
31 25 13 11
21 15 27 17

Solución 157:
1 5 34 40
9 23 29 19
21 15 17 27
31 25 13 11
38 32 7 3

Solución 158:
1 5 34 40
9 23 29 19
21 15 17 27
38 32 7 3
31 25 13 11

Solución 159:
1 5 34 40
9 23 29 19
31 25 13 11
21 15 17 27
38 32 7 3

Solución 160:
1 5 34 40
9 23 29 19
31 25 13 11
38 32 7 3
21 15 17 27

Solución 161:
1 5 34 40
9 23 29 19
38 32 7 3
21 15 17 27
31 25 13 11

Solución 162:
1 5 34 40
9 23 29 19
38 32 7 3
31 25 13 11
21 15 17 27

Solución 163:
1 5 34 40
9 25 17 29
21 27 19 13
31 11 23 15
38 32 7 3

Solución 164:
1 5 34 40
9 25 17 29
21 27 19 13
38 32 7 3
31 11 23 15

Solución 165:
1 5 34 40
9 25 17 29
27 21 19 13
31 11 23 15
32 38 7 3

Solución 166:
1 5 34 40
9 25 17 29
27 21 19 13
32 38 7 3
31 11 23 15

Solución 167:
1 5 34 40
9 25 17 29
31 11 23 15
21 27 19 13
38 32 7 3

Solución 168:
1 5 34 40
9 25 17 29
31 11 23 15
27 21 19 13
32 38 7 3

Solución 169:
1 5 34 40
9 25 17 29
31 11 23 15
32 38 7 3
27 21 19 13

Solución 170:
1 5 34 40
9 25 17 29
31 11 23 15
38 32 7 3
21 27 19 13

Solución 171:
1 5 34 40
9 25 17 29
32 38 7 3
27 21 19 13
31 11 23 15

Solución 172:
1 5 34 40
9 25 17 29
32 38 7 3
31 11 23 15
27 21 19 13

Solución 173:
1 5 34 40
9 25 17 29
38 32 7 3
21 27 19 13
31 11 23 15

Solución 174:
1 5 34 40
9 25 17 29
38 32 7 3
31 11 23 15
21 27 19 13

Solución 175:
1 5 34 40
9 25 29 17
21 27 19 13
31 11 15 23
38 32 3 7

Solución 176:
1 5 34 40
9 25 29 17
21 27 19 13
38 32 3 7
31 11 15 23

Solución 177:
1 5 34 40
9 25 29 17
27 11 19 23
31 21 15 13
32 38 3 7

Solución 178:
1 5 34 40
9 25 29 17
27 11 19 23
32 38 3 7
31 21 15 13

Solución 179:
1 5 34 40
9 25 29 17
27 21 19 13
31 11 15 23
32 38 3 7

Solución 180:
1 5 34 40
9 25 29 17
27 21 19 13
32 38 3 7
31 11 15 23

Solución 181:
1 5 34 40
9 25 29 17
31 11 15 23
21 27 19 13
38 32 3 7

Solución 182:
1 5 34 40
9 25 29 17
31 11 15 23
27 21 19 13
32 38 3 7

Solución 183:
1 5 34 40
9 25 29 17
31 11 15 23
32 38 3 7
27 21 19 13

Solución 184:
1 5 34 40
9 25 29 17
31 11 15 23
38 32 3 7
21 27 19 13

Solución 185:
1 5 34 40
9 25 29 17
31 21 15 13
27 11 19 23
32 38 3 7

Solución 186:
1 5 34 40
9 25 29 17
31 21 15 13
32 38 3 7
27 11 19 23

Solución 187:
1 5 34 40
9 25 29 17
32 38 3 7
27 11 19 23
31 21 15 13

Solución 188:
1 5 34 40
9 25 29 17
32 38 3 7
27 21 19 13
31 11 15 23

Solución 189:
1 5 34 40
9 25 29 17
32 38 3 7
31 11 15 23
27 21 19 13

Solución 190:
1 5 34 40
9 25 29 17
32 38 3 7
31 21 15 13
27 11 19 23

Solución 191:
1 5 34 40
9 25 29 17
38 32 3 7
21 27 19 13
31 11 15 23

Solución 192:
1 5 34 40
9 25 29 17
38 32 3 7
31 11 15 23
21 27 19 13

Solución 193:
1 5 34 40
9 25 31 15
23 17 13 27
29 21 19 11
38 32 3 7

Solución 194:
1 5 34 40
9 25 31 15
23 17 13 27
38 32 3 7
29 21 19 11

Solución 195:
1 5 34 40
9 25 31 15
23 27 13 17
29 11 19 21
38 32 3 7

Solución 196:
1 5 34 40
9 25 31 15
23 27 13 17
38 32 3 7
29 11 19 21

Solución 197:
1 5 34 40
9 25 31 15
29 11 19 21
23 27 13 17
38 32 3 7

Solución 198:
1 5 34 40
9 25 31 15
29 11 19 21
38 32 3 7
23 27 13 17

Solución 199:
1 5 34 40
9 25 31 15
29 21 19 11
23 17 13 27
38 32 3 7

Solución 200:
1 5 34 40
9 25 31 15
29 21 19 11
38 32 3 7
23 17 13 27

Solución 201:
1 5 34 40
9 25 31 15
38 32 3 7
23 17 13 27
29 21 19 11

Solución 202:
1 5 34 40
9 25 31 15
38 32 3 7
23 27 13 17
29 11 19 21

Solución 203:
1 5 34 40
9 25 31 15
38 32 3 7
29 11 19 21
23 27 13 17

Solución 204:
1 5 34 40
9 25 31 15
38 32 3 7
29 21 19 11
23 17 13 27

Solución 205:
1 5 34 40
9 27 13 31
23 17 25 15
29 19 21 11
38 32 7 3

Solución 206:
1 5 34 40
9 27 13 31
23 17 25 15
38 32 7 3
29 19 21 11

Solución 207:
1 5 34 40
9 27 13 31
29 19 21 11
23 17 25 15
38 32 7 3

Solución 208:
1 5 34 40
9 27 13 31
29 19 21 11
38 32 7 3
23 17 25 15

Solución 209:
1 5 34 40
9 27 13 31
38 32 7 3
23 17 25 15
29 19 21 11

Solución 210:
1 5 34 40
9 27 13 31
38 32 7 3
29 19 21 11
23 17 25 15

Solución 211:
1 5 34 40
9 27 15 29
21 23 19 17
31 13 25 11
38 32 7 3

Solución 212:
1 5 34 40
9 27 15 29
21 23 19 17
38 32 7 3
31 13 25 11

Solución 213:
1 5 34 40
9 27 15 29
21 23 25 11
31 13 19 17
38 32 7 3

Solución 214:
1 5 34 40
9 27 15 29
21 23 25 11
38 32 7 3
31 13 19 17

Solución 215:
1 5 34 40
9 27 15 29
31 13 19 17
21 23 25 11
38 32 7 3

Solución 216:
1 5 34 40
9 27 15 29
31 13 19 17
38 32 7 3
21 23 25 11

Solución 217:
1 5 34 40
9 27 15 29
31 13 25 11
21 23 19 17
38 32 7 3

Solución 218:
1 5 34 40
9 27 15 29
31 13 25 11
38 32 7 3
21 23 19 17

Solución 219:
1 5 34 40
9 27 15 29
38 32 7 3
21 23 19 17
31 13 25 11

Solución 220:
1 5 34 40
9 27 15 29
38 32 7 3
21 23 25 11
31 13 19 17

Solución 221:
1 5 34 40
9 27 15 29
38 32 7 3
31 13 19 17
21 23 25 11

Solución 222:
1 5 34 40
9 27 15 29
38 32 7 3
31 13 25 11
21 23 19 17

Solución 223:
1 5 34 40
9 27 19 25
21 13 29 17
31 23 11 15
38 32 7 3

Solución 224:
1 5 34 40
9 27 19 25
21 13 29 17
31 23 15 11
38 32 3 7

Solución 225:
1 5 34 40
9 27 19 25
21 13 29 17
38 32 3 7
31 23 15 11

Solución 226:
1 5 34 40
9 27 19 25
21 13 29 17
38 32 7 3
31 23 11 15

Solución 227:
1 5 34 40
9 27 19 25
23 15 31 11
29 21 13 17
38 32 3 7

Solución 228:
1 5 34 40
9 27 19 25
23 15 31 11
38 32 3 7
29 21 13 17

Solución 229:
1 5 34 40
9 27 19 25
29 21 13 17
23 15 31 11
38 32 3 7

Solución 230:
1 5 34 40
9 27 19 25
29 21 13 17
38 32 3 7
23 15 31 11

Solución 231:
1 5 34 40
9 27 19 25
31 23 11 15
21 13 29 17
38 32 7 3

Solución 232:
1 5 34 40
9 27 19 25
31 23 11 15
38 32 7 3
21 13 29 17

Solución 233:
1 5 34 40
9 27 19 25
31 23 15 11
21 13 29 17
38 32 3 7

Solución 234:
1 5 34 40
9 27 19 25
31 23 15 11
38 32 3 7
21 13 29 17

Solución 235:
1 5 34 40
9 27 19 25
38 32 3 7
21 13 29 17
31 23 15 11

Solución 236:
1 5 34 40
9 27 19 25
38 32 3 7
23 15 31 11
29 21 13 17

Solución 237:
1 5 34 40
9 27 19 25
38 32 3 7
29 21 13 17
23 15 31 11

Solución 238:
1 5 34 40
9 27 19 25
38 32 3 7
31 23 15 11
21 13 29 17

Solución 239:
1 5 34 40
9 27 19 25
38 32 7 3
21 13 29 17
31 23 11 15

Solución 240:
1 5 34 40
9 27 19 25
38 32 7 3
31 23 11 15
21 13 29 17

Solución 241:
1 5 34 40
9 27 29 15
21 23 11 25
31 13 19 17
38 32 7 3

Solución 242:
1 5 34 40
9 27 29 15
21 23 11 25
38 32 7 3
31 13 19 17

Solución 243:
1 5 34 40
9 27 29 15
21 23 19 17
31 13 11 25
38 32 7 3

Solución 244:
1 5 34 40
9 27 29 15
21 23 19 17
38 32 7 3
31 13 11 25

Solución 245:
1 5 34 40
9 27 29 15
31 13 11 25
21 23 19 17
38 32 7 3

Solución 246:
1 5 34 40
9 27 29 15
31 13 11 25
38 32 7 3
21 23 19 17

Solución 247:
1 5 34 40
9 27 29 15
31 13 19 17
21 23 11 25
38 32 7 3

Solución 248:
1 5 34 40
9 27 29 15
31 13 19 17
38 32 7 3
21 23 11 25

Solución 249:
1 5 34 40
9 27 29 15
38 32 7 3
21 23 11 25
31 13 19 17

Solución 250:
1 5 34 40
9 27 29 15
38 32 7 3
21 23 19 17
31 13 11 25

Solución 251:
1 5 34 40
9 27 29 15
38 32 7 3
31 13 11 25
21 23 19 17

Solución 252:
1 5 34 40
9 27 29 15
38 32 7 3
31 13 19 17
21 23 11 25

Solución 253:
1 5 34 40
9 27 31 13
23 15 17 25
29 21 11 19
38 32 7 3

Solución 254:
1 5 34 40
9 27 31 13
23 15 17 25
38 32 7 3
29 21 11 19

Solución 255:
1 5 34 40
9 27 31 13
23 21 11 25
29 15 17 19
38 32 7 3

Solución 256:
1 5 34 40
9 27 31 13
23 21 11 25
38 32 7 3
29 15 17 19

Solución 257:
1 5 34 40
9 27 31 13
23 21 17 19
29 15 11 25
38 32 7 3

Solución 258:
1 5 34 40
9 27 31 13
23 21 17 19
38 32 7 3
29 15 11 25

Solución 259:
1 5 34 40
9 27 31 13
29 15 11 25
23 21 17 19
38 32 7 3

Solución 260:
1 5 34 40
9 27 31 13
29 15 11 25
38 32 7 3
23 21 17 19

Solución 261:
1 5 34 40
9 27 31 13
29 15 17 19
23 21 11 25
38 32 7 3

Solución 262:
1 5 34 40
9 27 31 13
29 15 17 19
38 32 7 3
23 21 11 25

Solución 263:
1 5 34 40
9 27 31 13
29 21 11 19
23 15 17 25
38 32 7 3

Solución 264:
1 5 34 40
9 27 31 13
29 21 11 19
38 32 7 3
23 15 17 25

Solución 265:
1 5 34 40
9 27 31 13
38 32 7 3
23 15 17 25
29 21 11 19

Solución 266:
1 5 34 40
9 27 31 13
38 32 7 3
23 21 11 25
29 15 17 19

Solución 267:
1 5 34 40
9 27 31 13
38 32 7 3
23 21 17 19
29 15 11 25

Solución 268:
1 5 34 40
9 27 31 13
38 32 7 3
29 15 11 25
23 21 17 19

Solución 269:
1 5 34 40
9 27 31 13
38 32 7 3
29 15 17 19
23 21 11 25

Solución 270:
1 5 34 40
9 27 31 13
38 32 7 3
29 21 11 19
23 15 17 25

Solución 271:
1 5 34 40
9 29 15 27
21 23 19 17
31 11 25 13
38 32 7 3

Solución 272:
1 5 34 40
9 29 15 27
21 23 19 17
38 32 7 3
31 11 25 13

Solución 273:
1 5 34 40
9 29 15 27
31 11 25 13
21 23 19 17
38 32 7 3

Solución 274:
1 5 34 40
9 29 15 27
31 11 25 13
38 32 7 3
21 23 19 17

Solución 275:
1 5 34 40
9 29 15 27
38 32 7 3
21 23 19 17
31 11 25 13

Solución 276:
1 5 34 40
9 29 15 27
38 32 7 3
31 11 25 13
21 23 19 17

Solución 277:
1 5 34 40
9 29 17 25
27 13 19 21
31 15 23 11
32 38 7 3

Solución 278:
1 5 34 40
9 29 17 25
27 13 19 21
32 38 7 3
31 15 23 11

Solución 279:
1 5 34 40
9 29 17 25
31 15 23 11
27 13 19 21
32 38 7 3

Solución 280:
1 5 34 40
9 29 17 25
31 15 23 11
32 38 7 3
27 13 19 21

Solución 281:
1 5 34 40
9 29 17 25
32 38 7 3
27 13 19 21
31 15 23 11

Solución 282:
1 5 34 40
9 29 17 25
32 38 7 3
31 15 23 11
27 13 19 21

Solución 283:
1 5 34 40
9 29 19 23
27 17 15 21
31 11 25 13
32 38 7 3

Solución 284:
1 5 34 40
9 29 19 23
27 17 15 21
32 38 7 3
31 11 25 13

Solución 285:
1 5 34 40
9 29 19 23
31 11 25 13
27 17 15 21
32 38 7 3

Solución 286:
1 5 34 40
9 29 19 23
31 11 25 13
32 38 7 3
27 17 15 21

Solución 287:
1 5 34 40
9 29 19 23
32 38 7 3
27 17 15 21
31 11 25 13

Solución 288:
1 5 34 40
9 29 19 23
32 38 7 3
31 11 25 13
27 17 15 21

Solución 289:
1 5 34 40
9 29 23 19
27 17 15 21
31 11 25 13
32 38 3 7

Solución 290:
1 5 34 40
9 29 23 19
27 17 15 21
32 38 3 7
31 11 25 13

Solución 291:
1 5 34 40
9 29 23 19
31 11 25 13
27 17 15 21
32 38 3 7

Solución 292:
1 5 34 40
9 29 23 19
31 11 25 13
32 38 3 7
27 17 15 21

Solución 293:
1 5 34 40
9 29 23 19
32 38 3 7
27 17 15 21
31 11 25 13

Solución 294:
1 5 34 40
9 29 23 19
32 38 3 7
31 11 25 13
27 17 15 21

Solución 295:
1 5 34 40
9 29 25 17
21 19 27 13
31 15 11 23
38 32 3 7

Solución 296:
1 5 34 40
9 29 25 17
21 19 27 13
38 32 3 7
31 15 11 23

Solución 297:
1 5 34 40
9 29 25 17
31 15 11 23
21 19 27 13
38 32 3 7

Solución 298:
1 5 34 40
9 29 25 17
31 15 11 23
38 32 3 7
21 19 27 13

Solución 299:
1 5 34 40
9 29 25 17
38 32 3 7
21 19 27 13
31 15 11 23

Solución 300:
1 5 34 40
9 29 25 17
38 32 3 7
31 15 11 23
21 19 27 13

Solución 301:
1 5 34 40
9 29 27 15
21 23 19 17
31 11 13 25
38 32 7 3

Solución 302:
1 5 34 40
9 29 27 15
21 23 19 17
38 32 7 3
31 11 13 25

Solución 303:
1 5 34 40
9 29 27 15
31 11 13 25
21 23 19 17
38 32 7 3

Solución 304:
1 5 34 40
9 29 27 15
31 11 13 25
38 32 7 3
21 23 19 17

Solución 305:
1 5 34 40
9 29 27 15
38 32 7 3
21 23 19 17
31 11 13 25

Solución 306:
1 5 34 40
9 29 27 15
38 32 7 3
31 11 13 25
21 23 19 17

Solución 307:
1 5 34 40
9 29 31 11
25 21 15 19
27 13 17 23
38 32 3 7

Solución 308:
1 5 34 40
9 29 31 11
25 21 15 19
38 32 3 7
27 13 17 23

Solución 309:
1 5 34 40
9 29 31 11
27 13 17 23
25 21 15 19
38 32 3 7

Solución 310:
1 5 34 40
9 29 31 11
27 13 17 23
38 32 3 7
25 21 15 19

Solución 311:
1 5 34 40
9 29 31 11
38 32 3 7
25 21 15 19
27 13 17 23

Solución 312:
1 5 34 40
9 29 31 11
38 32 3 7
27 13 17 23
25 21 15 19

Solución 313:
1 5 34 40
9 31 13 27
23 17 21 19
29 15 25 11
38 32 7 3

Solución 314:
1 5 34 40
9 31 13 27
23 17 21 19
38 32 7 3
29 15 25 11

Solución 315:
1 5 34 40
9 31 13 27
29 15 25 11
23 17 21 19
38 32 7 3

Solución 316:
1 5 34 40
9 31 13 27
29 15 25 11
38 32 7 3
23 17 21 19

Solución 317:
1 5 34 40
9 31 13 27
38 32 7 3
23 17 21 19
29 15 25 11

Solución 318:
1 5 34 40
9 31 13 27
38 32 7 3
29 15 25 11
23 17 21 19

Solución 319:
1 5 34 40
9 31 15 25
23 11 27 19
29 21 17 13
38 32 7 3

Solución 320:
1 5 34 40
9 31 15 25
23 11 27 19
38 32 7 3
29 21 17 13

Solución 321:
1 5 34 40
9 31 15 25
23 13 27 17
29 19 21 11
38 32 3 7

Solución 322:
1 5 34 40
9 31 15 25
23 13 27 17
38 32 3 7
29 19 21 11

Solución 323:
1 5 34 40
9 31 15 25
23 19 17 21
29 13 27 11
38 32 7 3

Solución 324:
1 5 34 40
9 31 15 25
23 19 17 21
38 32 7 3
29 13 27 11

Solución 325:
1 5 34 40
9 31 15 25
23 19 21 17
29 13 27 11
38 32 3 7

Solución 326:
1 5 34 40
9 31 15 25
23 19 21 17
38 32 3 7
29 13 27 11

Solución 327:
1 5 34 40
9 31 15 25
23 19 27 11
29 13 17 21
38 32 7 3

Solución 328:
1 5 34 40
9 31 15 25
23 19 27 11
29 13 21 17
38 32 3 7

Solución 329:
1 5 34 40
9 31 15 25
23 19 27 11
38 32 3 7
29 13 21 17

Solución 330:
1 5 34 40
9 31 15 25
23 19 27 11
38 32 7 3
29 13 17 21

Solución 331:
1 5 34 40
9 31 15 25
23 21 17 19
29 11 27 13
38 32 7 3

Solución 332:
1 5 34 40
9 31 15 25
23 21 17 19
38 32 7 3
29 11 27 13

Solución 333:
1 5 34 40
9 31 15 25
29 11 27 13
23 21 17 19
38 32 7 3

Solución 334:
1 5 34 40
9 31 15 25
29 11 27 13
38 32 7 3
23 21 17 19

Solución 335:
1 5 34 40
9 31 15 25
29 13 17 21
23 19 27 11
38 32 7 3

Solución 336:
1 5 34 40
9 31 15 25
29 13 17 21
38 32 7 3
23 19 27 11

Solución 337:
1 5 34 40
9 31 15 25
29 13 21 17
23 19 27 11
38 32 3 7

Solución 338:
1 5 34 40
9 31 15 25
29 13 21 17
38 32 3 7
23 19 27 11

Solución 339:
1 5 34 40
9 31 15 25
29 13 27 11
23 19 17 21
38 32 7 3

Solución 340:
1 5 34 40
9 31 15 25
29 13 27 11
23 19 21 17
38 32 3 7

Solución 341:
1 5 34 40
9 31 15 25
29 13 27 11
38 32 3 7
23 19 21 17

Solución 342:
1 5 34 40
9 31 15 25
29 13 27 11
38 32 7 3
23 19 17 21

Solución 343:
1 5 34 40
9 31 15 25
29 19 21 11
23 13 27 17
38 32 3 7

Solución 344:
1 5 34 40
9 31 15 25
29 19 21 11
38 32 3 7
23 13 27 17

Solución 345:
1 5 34 40
9 31 15 25
29 21 17 13
23 11 27 19
38 32 7 3

Solución 346:
1 5 34 40
9 31 15 25
29 21 17 13
38 32 7 3
23 11 27 19

Solución 347:
1 5 34 40
9 31 15 25
38 32 3 7
23 13 27 17
29 19 21 11

Solución 348:
1 5 34 40
9 31 15 25
38 32 3 7
23 19 21 17
29 13 27 11

Solución 349:
1 5 34 40
9 31 15 25
38 32 3 7
23 19 27 11
29 13 21 17

Solución 350:
1 5 34 40
9 31 15 25
38 32 3 7
29 13 21 17
23 19 27 11

Solución 351:
1 5 34 40
9 31 15 25
38 32 3 7
29 13 27 11
23 19 21 17

Solución 352:
1 5 34 40
9 31 15 25
38 32 3 7
29 19 21 11
23 13 27 17

Solución 353:
1 5 34 40
9 31 15 25
38 32 7 3
23 11 27 19
29 21 17 13

Solución 354:
1 5 34 40
9 31 15 25
38 32 7 3
23 19 17 21
29 13 27 11

Solución 355:
1 5 34 40
9 31 15 25
38 32 7 3
23 19 27 11
29 13 17 21

Solución 356:
1 5 34 40
9 31 15 25
38 32 7 3
23 21 17 19
29 11 27 13

Solución 357:
1 5 34 40
9 31 15 25
38 32 7 3
29 11 27 13
23 21 17 19

Solución 358:
1 5 34 40
9 31 15 25
38 32 7 3
29 13 17 21
23 19 27 11

Solución 359:
1 5 34 40
9 31 15 25
38 32 7 3
29 13 27 11
23 19 17 21

Solución 360:
1 5 34 40
9 31 15 25
38 32 7 3
29 21 17 13
23 11 27 19

Solución 361:
1 5 34 40
9 31 17 23
25 11 29 15
27 21 13 19
38 32 7 3

Solución 362:
1 5 34 40
9 31 17 23
25 11 29 15
38 32 7 3
27 21 13 19

Solución 363:
1 5 34 40
9 31 17 23
27 21 13 19
25 11 29 15
38 32 7 3

Solución 364:
1 5 34 40
9 31 17 23
27 21 13 19
38 32 7 3
25 11 29 15

Solución 365:
1 5 34 40
9 31 17 23
38 32 7 3
25 11 29 15
27 21 13 19

Solución 366:
1 5 34 40
9 31 17 23
38 32 7 3
27 21 13 19
25 11 29 15

Solución 367:
1 5 34 40
9 31 21 19
23 17 13 27
29 15 25 11
38 32 7 3

Solución 368:
1 5 34 40
9 31 21 19
23 17 13 27
38 32 7 3
29 15 25 11

Solución 369:
1 5 34 40
9 31 21 19
23 17 27 13
29 15 11 25
38 32 7 3

Solución 370:
1 5 34 40
9 31 21 19
23 17 27 13
38 32 7 3
29 15 11 25

Solución 371:
1 5 34 40
9 31 21 19
25 15 29 11
27 17 13 23
38 32 3 7

Solución 372:
1 5 34 40
9 31 21 19
25 15 29 11
38 32 3 7
27 17 13 23

Solución 373:
1 5 34 40
9 31 21 19
27 17 13 23
25 15 29 11
38 32 3 7

Solución 374:
1 5 34 40
9 31 21 19
27 17 13 23
38 32 3 7
25 15 29 11

Solución 375:
1 5 34 40
9 31 21 19
29 15 11 25
23 17 27 13
38 32 7 3

Solución 376:
1 5 34 40
9 31 21 19
29 15 11 25
38 32 7 3
23 17 27 13

Solución 377:
1 5 34 40
9 31 21 19
29 15 25 11
23 17 13 27
38 32 7 3

Solución 378:
1 5 34 40
9 31 21 19
29 15 25 11
38 32 7 3
23 17 13 27

Solución 379:
1 5 34 40
9 31 21 19
38 32 3 7
25 15 29 11
27 17 13 23

Solución 380:
1 5 34 40
9 31 21 19
38 32 3 7
27 17 13 23
25 15 29 11

Solución 381:
1 5 34 40
9 31 21 19
38 32 7 3
23 17 13 27
29 15 25 11

Solución 382:
1 5 34 40
9 31 21 19
38 32 7 3
23 17 27 13
29 15 11 25

Solución 383:
1 5 34 40
9 31 21 19
38 32 7 3
29 15 11 25
23 17 27 13

Solución 384:
1 5 34 40
9 31 21 19
38 32 7 3
29 15 25 11
23 17 13 27

Solución 385:
1 5 34 40
9 31 25 15
23 13 17 27
29 19 21 11
38 32 3 7

Solución 386:
1 5 34 40
9 31 25 15
23 13 17 27
38 32 3 7
29 19 21 11

Solución 387:
1 5 34 40
9 31 25 15
23 13 27 17
29 19 11 21
38 32 3 7

Solución 388:
1 5 34 40
9 31 25 15
23 13 27 17
38 32 3 7
29 19 11 21

Solución 389:
1 5 34 40
9 31 25 15
29 19 11 21
23 13 27 17
38 32 3 7

Solución 390:
1 5 34 40
9 31 25 15
29 19 11 21
38 32 3 7
23 13 27 17

Solución 391:
1 5 34 40
9 31 25 15
29 19 21 11
23 13 17 27
38 32 3 7

Solución 392:
1 5 34 40
9 31 25 15
29 19 21 11
38 32 3 7
23 13 17 27

Solución 393:
1 5 34 40
9 31 25 15
38 32 3 7
23 13 17 27
29 19 21 11

Solución 394:
1 5 34 40
9 31 25 15
38 32 3 7
23 13 27 17
29 19 11 21

Solución 395:
1 5 34 40
9 31 25 15
38 32 3 7
29 19 11 21
23 13 27 17

Solución 396:
1 5 34 40
9 31 25 15
38 32 3 7
29 19 21 11
23 13 17 27

Solución 397:
1 5 34 40
9 31 27 13
23 17 21 19
29 15 11 25
38 32 7 3

Solución 398:
1 5 34 40
9 31 27 13
23 17 21 19
38 32 7 3
29 15 11 25

Solución 399:
1 5 34 40
9 31 27 13
23 21 17 19
29 11 15 25
38 32 7 3

Solución 400:
1 5 34 40
9 31 27 13
23 21 17 19
38 32 7 3
29 11 15 25

Solución 401:
1 5 34 40
9 31 27 13
29 11 15 25
23 21 17 19
38 32 7 3

Solución 402:
1 5 34 40
9 31 27 13
29 11 15 25
38 32 7 3
23 21 17 19

Solución 403:
1 5 34 40
9 31 27 13
29 15 11 25
23 17 21 19
38 32 7 3

Solución 404:
1 5 34 40
9 31 27 13
29 15 11 25
38 32 7 3
23 17 21 19

Solución 405:
1 5 34 40
9 31 27 13
38 32 7 3
23 17 21 19
29 15 11 25

Solución 406:
1 5 34 40
9 31 27 13
38 32 7 3
23 21 17 19
29 11 15 25

Solución 407:
1 5 34 40
9 31 27 13
38 32 7 3
29 11 15 25
23 21 17 19

Solución 408:
1 5 34 40
9 31 27 13
38 32 7 3
29 15 11 25
23 17 21 19

Solución 409:
1 5 34 40
9 31 29 11
25 15 21 19
27 17 13 23
38 32 3 7

Solución 410:
1 5 34 40
9 31 29 11
25 15 21 19
38 32 3 7
27 17 13 23

Solución 411:
1 5 34 40
9 31 29 11
27 17 13 23
25 15 21 19
38 32 3 7

Solución 412:
1 5 34 40
9 31 29 11
27 17 13 23
38 32 3 7
25 15 21 19

Solución 413:
1 5 34 40
9 31 29 11
38 32 3 7
25 15 21 19
27 17 13 23

Solución 414:
1 5 34 40
9 31 29 11
38 32 3 7
27 17 13 23
25 15 21 19

Solución 415:
1 5 34 40
11 13 25 31
21 23 19 17
29 27 15 9
38 32 7 3

Solución 416:
1 5 34 40
11 13 25 31
21 23 19 17
38 32 7 3
29 27 15 9

Solución 417:
1 5 34 40
11 13 25 31
21 27 15 17
29 23 19 9
38 32 7 3

Solución 418:
1 5 34 40
11 13 25 31
21 27 15 17
38 32 7 3
29 23 19 9

Solución 419:
1 5 34 40
11 13 25 31
23 21 19 17
27 29 15 9
38 32 7 3

Solución 420:
1 5 34 40
11 13 25 31
23 21 19 17
38 32 7 3
27 29 15 9

Solución 421:
1 5 34 40
11 13 25 31
23 29 19 9
27 21 15 17
38 32 7 3

Solución 422:
1 5 34 40
11 13 25 31
23 29 19 9
38 32 7 3
27 21 15 17

Solución 423:
1 5 34 40
11 13 25 31
27 21 15 17
23 29 19 9
38 32 7 3

Solución 424:
1 5 34 40
11 13 25 31
27 21 15 17
29 23 19 9
32 38 7 3

Solución 425:
1 5 34 40
11 13 25 31
27 21 15 17
32 38 7 3
29 23 19 9

Solución 426:
1 5 34 40
11 13 25 31
27 21 15 17
38 32 7 3
23 29 19 9

Solución 427:
1 5 34 40
11 13 25 31
27 29 15 9
23 21 19 17
38 32 7 3

Solución 428:
1 5 34 40
11 13 25 31
27 29 15 9
38 32 7 3
23 21 19 17

Solución 429:
1 5 34 40
11 13 25 31
29 23 19 9
21 27 15 17
38 32 7 3

Solución 430:
1 5 34 40
11 13 25 31
29 23 19 9
27 21 15 17
32 38 7 3

Solución 431:
1 5 34 40
11 13 25 31
29 23 19 9
32 38 7 3
27 21 15 17

Solución 432:
1 5 34 40
11 13 25 31
29 23 19 9
38 32 7 3
21 27 15 17

Solución 433:
1 5 34 40
11 13 25 31
29 27 15 9
21 23 19 17
38 32 7 3

Solución 434:
1 5 34 40
11 13 25 31
29 27 15 9
38 32 7 3
21 23 19 17

Solución 435:
1 5 34 40
11 13 25 31
32 38 7 3
27 21 15 17
29 23 19 9

Solución 436:
1 5 34 40
11 13 25 31
32 38 7 3
29 23 19 9
27 21 15 17

Solución 437:
1 5 34 40
11 13 25 31
38 32 7 3
21 23 19 17
29 27 15 9

Solución 438:
1 5 34 40
11 13 25 31
38 32 7 3
21 27 15 17
29 23 19 9

Solución 439:
1 5 34 40
11 13 25 31
38 32 7 3
23 21 19 17
27 29 15 9

Solución 440:
1 5 34 40
11 13 25 31
38 32 7 3
23 29 19 9
27 21 15 17

Solución 441:
1 5 34 40
11 13 25 31
38 32 7 3
27 21 15 17
23 29 19 9

Solución 442:
1 5 34 40
11 13 25 31
38 32 7 3
27 29 15 9
23 21 19 17

Solución 443:
1 5 34 40
11 13 25 31
38 32 7 3
29 23 19 9
21 27 15 17

Solución 444:
1 5 34 40
11 13 25 31
38 32 7 3
29 27 15 9
21 23 19 17

Solución 445:
1 5 34 40
11 13 27 29
25 21 15 19
31 23 17 9
32 38 7 3

Solución 446:
1 5 34 40
11 13 27 29
25 21 15 19
32 38 7 3
31 23 17 9

Solución 447:
1 5 34 40
11 13 27 29
25 21 19 15
31 23 17 9
32 38 3 7

Solución 448:
1 5 34 40
11 13 27 29
25 21 19 15
32 38 3 7
31 23 17 9

Solución 449:
1 5 34 40
11 13 27 29
25 23 17 15
31 21 19 9
32 38 3 7

Solución 450:
1 5 34 40
11 13 27 29
25 23 17 15
32 38 3 7
31 21 19 9

Solución 451:
1 5 34 40
11 13 27 29
31 21 19 9
25 23 17 15
32 38 3 7

Solución 452:
1 5 34 40
11 13 27 29
31 21 19 9
32 38 3 7
25 23 17 15

Solución 453:
1 5 34 40
11 13 27 29
31 23 17 9
25 21 15 19
32 38 7 3

Solución 454:
1 5 34 40
11 13 27 29
31 23 17 9
25 21 19 15
32 38 3 7

Solución 455:
1 5 34 40
11 13 27 29
31 23 17 9
32 38 3 7
25 21 19 15

Solución 456:
1 5 34 40
11 13 27 29
31 23 17 9
32 38 7 3
25 21 15 19

Solución 457:
1 5 34 40
11 13 27 29
32 38 3 7
25 21 19 15
31 23 17 9

Solución 458:
1 5 34 40
11 13 27 29
32 38 3 7
25 23 17 15
31 21 19 9

Solución 459:
1 5 34 40
11 13 27 29
32 38 3 7
31 21 19 9
25 23 17 15

Solución 460:
1 5 34 40
11 13 27 29
32 38 3 7
31 23 17 9
25 21 19 15

Solución 461:
1 5 34 40
11 13 27 29
32 38 7 3
25 21 15 19
31 23 17 9

Solución 462:
1 5 34 40
11 13 27 29
32 38 7 3
31 23 17 9
25 21 15 19

Solución 463:
1 5 34 40
11 13 29 27
25 23 15 17
31 21 19 9
32 38 3 7

Solución 464:
1 5 34 40
11 13 29 27
25 23 15 17
32 38 3 7
31 21 19 9

Solución 465:
1 5 34 40
11 13 29 27
31 21 19 9
25 23 15 17
32 38 3 7

Solución 466:
1 5 34 40
11 13 29 27
31 21 19 9
32 38 3 7
25 23 15 17

Solución 467:
1 5 34 40
11 13 29 27
32 38 3 7
25 23 15 17
31 21 19 9

Solución 468:
1 5 34 40
11 13 29 27
32 38 3 7
31 21 19 9
25 23 15 17

Solución 469:
1 5 34 40
11 13 31 25
21 23 17 19
29 27 15 9
38 32 3 7

Solución 470:
1 5 34 40
11 13 31 25
21 23 17 19
38 32 3 7
29 27 15 9

Solución 471:
1 5 34 40
11 13 31 25
21 23 19 17
29 27 9 15
38 32 7 3

Solución 472:
1 5 34 40
11 13 31 25
21 23 19 17
38 32 7 3
29 27 9 15

Solución 473:
1 5 34 40
11 13 31 25
23 21 17 19
27 29 15 9
38 32 3 7

Solución 474:
1 5 34 40
11 13 31 25
23 21 17 19
38 32 3 7
27 29 15 9

Solución 475:
1 5 34 40
11 13 31 25
23 21 19 17
27 29 9 15
38 32 7 3

Solución 476:
1 5 34 40
11 13 31 25
23 21 19 17
38 32 7 3
27 29 9 15

Solución 477:
1 5 34 40
11 13 31 25
27 29 9 15
23 21 19 17
38 32 7 3

Solución 478:
1 5 34 40
11 13 31 25
27 29 9 15
38 32 7 3
23 21 19 17

Solución 479:
1 5 34 40
11 13 31 25
27 29 15 9
23 21 17 19
38 32 3 7

Solución 480:
1 5 34 40
11 13 31 25
27 29 15 9
38 32 3 7
23 21 17 19

Solución 481:
1 5 34 40
11 13 31 25
29 27 9 15
21 23 19 17
38 32 7 3

Solución 482:
1 5 34 40
11 13 31 25
29 27 9 15
38 32 7 3
21 23 19 17

Solución 483:
1 5 34 40
11 13 31 25
29 27 15 9
21 23 17 19
38 32 3 7

Solución 484:
1 5 34 40
11 13 31 25
29 27 15 9
38 32 3 7
21 23 17 19

Solución 485:
1 5 34 40
11 13 31 25
38 32 3 7
21 23 17 19
29 27 15 9

Solución 486:
1 5 34 40
11 13 31 25
38 32 3 7
23 21 17 19
27 29 15 9

Solución 487:
1 5 34 40
11 13 31 25
38 32 3 7
27 29 15 9
23 21 17 19

Solución 488:
1 5 34 40
11 13 31 25
38 32 3 7
29 27 15 9
21 23 17 19

Solución 489:
1 5 34 40
11 13 31 25
38 32 7 3
21 23 19 17
29 27 9 15

Solución 490:
1 5 34 40
11 13 31 25
38 32 7 3
23 21 19 17
27 29 9 15

Solución 491:
1 5 34 40
11 13 31 25
38 32 7 3
27 29 9 15
23 21 19 17

Solución 492:
1 5 34 40
11 13 31 25
38 32 7 3
29 27 9 15
21 23 19 17

Solución 493:
1 5 34 40
11 15 23 31
27 25 19 9
29 17 21 13
32 38 3 7

Solución 494:
1 5 34 40
11 15 23 31
27 25 19 9
32 38 3 7
29 17 21 13

Solución 495:
1 5 34 40
11 15 23 31
29 17 21 13
27 25 19 9
32 38 3 7

Solución 496:
1 5 34 40
11 15 23 31
29 17 21 13
32 38 3 7
27 25 19 9

Solución 497:
1 5 34 40
11 15 23 31
32 38 3 7
27 25 19 9
29 17 21 13

Solución 498:
1 5 34 40
11 15 23 31
32 38 3 7
29 17 21 13
27 25 19 9

Solución 499:
1 5 34 40
11 15 25 29
23 17 21 19
27 31 13 9
38 32 7 3

Solución 500:
1 5 34 40
11 15 25 29
23 17 21 19
38 32 7 3
27 31 13 9

Solución 501:
1 5 34 40
11 15 25 29
27 31 13 9
23 17 21 19
38 32 7 3

Solución 502:
1 5 34 40
11 15 25 29
27 31 13 9
38 32 7 3
23 17 21 19

Solución 503:
1 5 34 40
11 15 25 29
38 32 7 3
23 17 21 19
27 31 13 9

Solución 504:
1 5 34 40
11 15 25 29
38 32 7 3
27 31 13 9
23 17 21 19

Solución 505:
1 5 34 40
11 15 29 25
19 21 17 23
31 27 13 9
38 32 7 3

Solución 506:
1 5 34 40
11 15 29 25
19 21 17 23
38 32 7 3
31 27 13 9

Solución 507:
1 5 34 40
11 15 29 25
23 17 21 19
27 31 9 13
38 32 7 3

Solución 508:
1 5 34 40
11 15 29 25
23 17 21 19
27 31 13 9
38 32 3 7

Solución 509:
1 5 34 40
11 15 29 25
23 17 21 19
38 32 3 7
27 31 13 9

Solución 510:
1 5 34 40
11 15 29 25
23 17 21 19
38 32 7 3
27 31 9 13

Solución 511:
1 5 34 40
11 15 29 25
27 31 9 13
23 17 21 19
38 32 7 3

Solución 512:
1 5 34 40
11 15 29 25
27 31 9 13
38 32 7 3
23 17 21 19

Solución 513:
1 5 34 40
11 15 29 25
27 31 13 9
23 17 21 19
38 32 3 7

Solución 514:
1 5 34 40
11 15 29 25
27 31 13 9
38 32 3 7
23 17 21 19

Solución 515:
1 5 34 40
11 15 29 25
31 27 13 9
19 21 17 23
38 32 7 3

Solución 516:
1 5 34 40
11 15 29 25
31 27 13 9
38 32 7 3
19 21 17 23

Solución 517:
1 5 34 40
11 15 29 25
38 32 3 7
23 17 21 19
27 31 13 9

Solución 518:
1 5 34 40
11 15 29 25
38 32 3 7
27 31 13 9
23 17 21 19

Solución 519:
1 5 34 40
11 15 29 25
38 32 7 3
19 21 17 23
31 27 13 9

Solución 520:
1 5 34 40
11 15 29 25
38 32 7 3
23 17 21 19
27 31 9 13

Solución 521:
1 5 34 40
11 15 29 25
38 32 7 3
27 31 9 13
23 17 21 19

Solución 522:
1 5 34 40
11 15 29 25
38 32 7 3
31 27 13 9
19 21 17 23

Solución 523:
1 5 34 40
11 15 31 23
27 25 19 9
29 17 13 21
32 38 3 7

Solución 524:
1 5 34 40
11 15 31 23
27 25 19 9
32 38 3 7
29 17 13 21

Solución 525:
1 5 34 40
11 15 31 23
29 17 13 21
27 25 19 9
32 38 3 7

Solución 526:
1 5 34 40
11 15 31 23
29 17 13 21
32 38 3 7
27 25 19 9

Solución 527:
1 5 34 40
11 15 31 23
32 38 3 7
27 25 19 9
29 17 13 21

Solución 528:
1 5 34 40
11 15 31 23
32 38 3 7
29 17 13 21
27 25 19 9

Solución 529:
1 5 34 40
11 17 21 31
27 25 19 9
29 15 23 13
32 38 3 7

Solución 530:
1 5 34 40
11 17 21 31
27 25 19 9
32 38 3 7
29 15 23 13

Solución 531:
1 5 34 40
11 17 21 31
29 15 23 13
27 25 19 9
32 38 3 7

Solución 532:
1 5 34 40
11 17 21 31
29 15 23 13
32 38 3 7
27 25 19 9

Solución 533:
1 5 34 40
11 17 21 31
32 38 3 7
27 25 19 9
29 15 23 13

Solución 534:
1 5 34 40
11 17 21 31
32 38 3 7
29 15 23 13
27 25 19 9

Solución 535:
1 5 34 40
11 17 23 29
19 21 27 13
31 25 9 15
38 32 7 3

Solución 536:
1 5 34 40
11 17 23 29
19 21 27 13
38 32 7 3
31 25 9 15

Solución 537:
1 5 34 40
11 17 23 29
19 25 27 9
31 21 13 15
38 32 3 7

Solución 538:
1 5 34 40
11 17 23 29
19 25 27 9
38 32 3 7
31 21 13 15

Solución 539:
1 5 34 40
11 17 23 29
25 19 27 9
31 21 13 15
32 38 3 7

Solución 540:
1 5 34 40
11 17 23 29
25 19 27 9
32 38 3 7
31 21 13 15

Solución 541:
1 5 34 40
11 17 23 29
25 27 19 9
31 13 21 15
32 38 3 7

Solución 542:
1 5 34 40
11 17 23 29
25 27 19 9
32 38 3 7
31 13 21 15

Solución 543:
1 5 34 40
11 17 23 29
31 13 21 15
25 27 19 9
32 38 3 7

Solución 544:
1 5 34 40
11 17 23 29
31 13 21 15
32 38 3 7
25 27 19 9

Solución 545:
1 5 34 40
11 17 23 29
31 21 13 15
19 25 27 9
38 32 3 7

Solución 546:
1 5 34 40
11 17 23 29
31 21 13 15
25 19 27 9
32 38 3 7

Solución 547:
1 5 34 40
11 17 23 29
31 21 13 15
32 38 3 7
25 19 27 9

Solución 548:
1 5 34 40
11 17 23 29
31 21 13 15
38 32 3 7
19 25 27 9

Solución 549:
1 5 34 40
11 17 23 29
31 25 9 15
19 21 27 13
38 32 7 3

Solución 550:
1 5 34 40
11 17 23 29
31 25 9 15
38 32 7 3
19 21 27 13

Solución 551:
1 5 34 40
11 17 23 29
32 38 3 7
25 19 27 9
31 21 13 15

Solución 552:
1 5 34 40
11 17 23 29
32 38 3 7
25 27 19 9
31 13 21 15

Solución 553:
1 5 34 40
11 17 23 29
32 38 3 7
31 13 21 15
25 27 19 9

Solución 554:
1 5 34 40
11 17 23 29
32 38 3 7
31 21 13 15
25 19 27 9

Solución 555:
1 5 34 40
11 17 23 29
38 32 3 7
19 25 27 9
31 21 13 15

Solución 556:
1 5 34 40
11 17 23 29
38 32 3 7
31 21 13 15
19 25 27 9

Solución 557:
1 5 34 40
11 17 23 29
38 32 7 3
19 21 27 13
31 25 9 15

Solución 558:
1 5 34 40
11 17 23 29
38 32 7 3
31 25 9 15
19 21 27 13

Solución 559:
1 5 34 40
11 17 27 25
21 31 9 19
29 15 23 13
38 32 7 3

Solución 560:
1 5 34 40
11 17 27 25
21 31 9 19
38 32 7 3
29 15 23 13

Solución 561:
1 5 34 40
11 17 27 25
21 31 19 9
29 15 13 23
38 32 7 3

Solución 562:
1 5 34 40
11 17 27 25
21 31 19 9
38 32 7 3
29 15 13 23

Solución 563:
1 5 34 40
11 17 27 25
29 15 13 23
21 31 19 9
38 32 7 3

Solución 564:
1 5 34 40
11 17 27 25
29 15 13 23
38 32 7 3
21 31 19 9

Solución 565:
1 5 34 40
11 17 27 25
29 15 23 13
21 31 9 19
38 32 7 3

Solución 566:
1 5 34 40
11 17 27 25
29 15 23 13
38 32 7 3
21 31 9 19

Solución 567:
1 5 34 40
11 17 27 25
38 32 7 3
21 31 9 19
29 15 23 13

Solución 568:
1 5 34 40
11 17 27 25
38 32 7 3
21 31 19 9
29 15 13 23

Solución 569:
1 5 34 40
11 17 27 25
38 32 7 3
29 15 13 23
21 31 19 9

Solución 570:
1 5 34 40
11 17 27 25
38 32 7 3
29 15 23 13
21 31 9 19

Solución 571:
1 5 34 40
11 17 29 23
25 27 9 19
31 13 21 15
32 38 7 3

Solución 572:
1 5 34 40
11 17 29 23
25 27 9 19
32 38 7 3
31 13 21 15

Solución 573:
1 5 34 40
11 17 29 23
25 27 19 9
31 13 15 21
